22.421146 114.207520
22.421262 114.207268
22.421275 114.207260
22.421311 114.207257
22.421388 114.207246
22.421443 114.207246
22.421460 114.207245
22.421501 114.207244
22.421513 114.207240
22.421558 114.207242
22.421574 114.207245
22.421587 114.207251
22.421606 114.207262

22.421146 114.207520
22.421363 114.207492
22.421386 114.207498
22.421429 114.207496
22.421445 114.207492
22.421660 114.207436

22.419328 114.204348
22.419341 114.204354
22.419397 114.204355
22.419458 114.204355
22.419479 114.204356
22.419626 114.204350
22.419652 114.204349
22.419691 114.204346

22.418876 114.205647
22.418784 114.205507
22.418791 114.205479
22.418792 114.205443
22.418786 114.205423
22.418785 114.205404
22.418799 114.205342
22.418804 114.205324
22.418807 114.205304
22.418799 114.205254
22.418809 114.205217
22.418812 114.205151
22.418817 114.204970

22.419510 114.212666
22.419583 114.212567
22.419608 114.212548
22.419642 114.212529
22.419672 114.212524
22.419718 114.212529
22.419736 114.212531
22.419782 114.212564
22.419819 114.212581
22.419865 114.212605
22.419915 114.212630
22.419944 114.212645
22.419964 114.212652
22.419976 114.212655
22.420070 114.212724

22.420070 114.212724
22.420245 114.212566
22.420257 114.212504
22.420264 114.212460
22.420278 114.212424

22.419455 114.205297
22.419503 114.205275

22.418845 114.207366
22.418861 114.207387

22.417812 114.210598
22.418031 114.210393
22.418045 114.210408
22.418058 114.210434
22.418080 114.210473
22.418095 114.210504
22.418108 114.210561
22.418119 114.210579
22.418186 114.210524
22.418237 114.210479
22.418300 114.210450

22.419922 114.206047
22.419867 114.206101
22.419874 114.206131
22.419880 114.206156
22.419865 114.206177
22.419866 114.206195
22.419865 114.206212
22.419869 114.206228
22.419867 114.206244
22.419865 114.206584

22.419549 114.205507
22.419523 114.205821

22.415526 114.207569
22.415544 114.207568
22.415574 114.207565
22.415586 114.207562
22.415612 114.207542
22.415641 114.207509
22.415654 114.207496
22.415670 114.207487
22.415686 114.207482
22.415705 114.207473
22.415721 114.207469

22.423151 114.205535
22.423168 114.205496
22.423183 114.205472
22.423260 114.205185

22.419931 114.204277
22.419943 114.204294

22.421657 114.203538
22.421729 114.203874

22.419745 114.212885
22.419811 114.212874
22.419861 114.212856
22.419872 114.212848
22.419884 114.212842
22.420070 114.212724

22.418812 114.204753
22.418803 114.204727
22.418802 114.204667
22.418800 114.204582
22.418799 114.204561
22.418837 114.204445
22.419002 114.204342
22.419028 114.204340
22.419066 114.204346

22.417812 114.210598
22.417860 114.210527
22.417865 114.210502
22.417873 114.210468
22.417870 114.210447
22.417881 114.210415
22.417893 114.210376
22.417923 114.210298
22.417934 114.210278
22.417952 114.210240
22.417955 114.210219
22.417980 114.210061
22.418008 114.209907
22.418013 114.209888
22.418021 114.209853
22.418028 114.209833
22.418039 114.209795
22.418043 114.209773
22.418136 114.209581

22.417620 114.212433
22.417629 114.212320
22.417606 114.212298
22.417604 114.212267
22.417611 114.212243
22.417621 114.212202
22.417625 114.212172
22.417630 114.211993
22.417628 114.211843
22.417633 114.211808
22.417637 114.211790
22.417638 114.211760
22.417634 114.211703
22.417628 114.211668
22.417628 114.211624
22.417630 114.211598
22.417631 114.211578
22.417634 114.211549
22.417654 114.211410
22.417693 114.211165
22.417710 114.211121
22.417715 114.211107
22.417723 114.211064
22.417739 114.211037
22.417745 114.210982
22.417756 114.210933
22.417783 114.210849
22.417789 114.210837
22.417812 114.210598

22.417620 114.212433
22.417795 114.212541
22.417822 114.212560
22.417846 114.212576
22.417861 114.212585
22.417896 114.212606
22.417919 114.212619
22.417955 114.212644
22.417986 114.212666
22.418005 114.212678
22.418029 114.212692
22.418050 114.212703
22.418067 114.212713
22.418088 114.212726
22.418130 114.212749
22.418166 114.212775
22.418181 114.212788
22.418283 114.212822
22.418418 114.212878
22.418431 114.212882
22.418458 114.212890
22.418473 114.212893
22.418499 114.212899
22.418512 114.212903
22.418539 114.212910
22.418565 114.212916
22.418588 114.212918
22.418638 114.212922
22.418660 114.212921
22.418679 114.212922
22.418708 114.212924
22.418747 114.212932
22.418822 114.212937
22.418905 114.212937
22.419064 114.212938
22.419086 114.212939
22.419101 114.212940
22.419115 114.212940
22.419134 114.212940
22.419165 114.212937
22.419188 114.212940
22.419210 114.212946
22.419222 114.212946
22.419239 114.212962

22.418876 114.205647
22.419246 114.205533
22.419420 114.205599
22.419444 114.205614
22.419499 114.205638
22.419510 114.205650
22.419511 114.205692
22.419525 114.205744
22.419538 114.205787
22.419523 114.205821

22.419523 114.205821
22.419507 114.206113
22.419507 114.206244
22.419485 114.206417
22.419483 114.206444
22.419485 114.206464
22.419491 114.206499
22.419495 114.206517
22.419503 114.206573
22.419517 114.206599
22.419524 114.206629
22.419501 114.206767
22.419436 114.206897
22.419408 114.207005

22.419147 114.207320
22.419236 114.207251
22.419408 114.207005

22.418136 114.209581
22.418380 114.209644
22.418531 114.209669
22.418571 114.209713
22.418575 114.209766
22.418585 114.209799
22.418601 114.209849
22.418630 114.209875

22.417061 114.211662
22.417244 114.211620
22.417272 114.211607
22.417294 114.211593
22.417315 114.211572
22.417342 114.211562
22.417369 114.211533
22.417380 114.211503
22.417416 114.211226
22.417452 114.210982
22.417476 114.210952
22.417488 114.210940
22.417536 114.210936
22.417551 114.210941
22.417598 114.210988
22.417643 114.210969
22.417691 114.210950

22.419408 114.207005
22.419704 114.206995
22.419865 114.206584

22.420466 114.203383
22.420559 114.203449
22.420595 114.203426
22.420608 114.203425
22.420649 114.203426
22.420670 114.203425
22.420817 114.203430
22.420943 114.203463
22.420958 114.203456
22.420974 114.203456
22.420992 114.203457
22.421036 114.203465
22.421062 114.203470
22.421081 114.203472
22.421120 114.203459
22.421151 114.203459
22.421262 114.203486
22.421395 114.203494
22.421406 114.203492
22.421439 114.203493
22.421465 114.203495
22.421496 114.203498
22.421545 114.203501
22.421575 114.203495
22.421593 114.203498
22.421657 114.203538

22.422203 114.201013
22.422362 114.201014
22.422381 114.201029
22.422398 114.201043
22.422476 114.201202
22.422536 114.201324
22.422544 114.201340
22.422565 114.201395
22.422585 114.201429
22.422593 114.201441
22.422609 114.201462
22.422688 114.201591
22.422776 114.201642
22.422796 114.201649

22.418876 114.205647
22.418670 114.205961
22.418663 114.205988
22.418655 114.206028
22.418651 114.206048
22.418639 114.206120
22.418600 114.206300
22.418579 114.206453
22.418576 114.206505
22.418569 114.206562
22.418568 114.206582
22.418567 114.206635
22.418565 114.206668
22.418561 114.206692
22.418557 114.206709
22.418550 114.206756
22.418550 114.206797
22.418531 114.206966
22.418516 114.207173
22.418515 114.207216
22.418516 114.207254
22.418517 114.207298
22.418517 114.207327
22.418516 114.207361
22.418516 114.207390
22.418521 114.207518
22.418511 114.207697
22.418509 114.207739
22.418508 114.207755
22.418508 114.207789
22.418510 114.207814
22.418510 114.207837
22.418522 114.208015
22.418540 114.208195
22.418555 114.208248
22.418563 114.208289
22.418570 114.208313
22.418583 114.208374
22.418588 114.208400
22.418593 114.208435
22.418583 114.208565
22.418475 114.208765
22.418462 114.208782
22.418426 114.208821
22.418385 114.208858
22.418382 114.208887
22.418375 114.208961
22.418275 114.209154
22.418265 114.209179
22.418246 114.209226
22.418228 114.209270
22.418202 114.209337
22.418190 114.209359
22.418178 114.209391
22.418156 114.209444
22.418152 114.209458
22.418136 114.209581

22.421657 114.203538
22.421666 114.203275
22.421670 114.203250
22.421681 114.203232
22.421694 114.203186
22.421743 114.203054
22.421813 114.202902
22.421809 114.202889
22.421816 114.202849
22.421831 114.202777
22.421843 114.202717
22.421861 114.202692
22.421873 114.202662
22.421905 114.202591
22.421914 114.202577
22.421930 114.202538
22.421941 114.202503
22.421944 114.202483
22.421977 114.202284
22.422000 114.202142
22.422003 114.202108
22.422003 114.202094
22.422015 114.202022
22.422021 114.201978
22.422025 114.201949
22.422033 114.201916
22.422041 114.201888
22.422053 114.201839
22.422056 114.201811
22.422061 114.201784
22.422069 114.201751
22.422074 114.201733
22.422080 114.201718
22.422093 114.201674
22.422097 114.201651
22.422108 114.201621
22.422118 114.201602
22.422127 114.201568
22.422151 114.201551
22.422159 114.201385
22.422174 114.201257
22.422171 114.201223
22.422168 114.201183
22.422167 114.201163
22.422203 114.201013

22.415963 114.207485
22.415978 114.207476
22.416003 114.207467
22.416023 114.207464
22.416115 114.207532
22.416249 114.207635
22.416307 114.207673
22.416328 114.207685
22.416342 114.207700
22.416357 114.207718
22.416433 114.207840
22.416513 114.207990
22.416553 114.208046
22.416627 114.208139
22.416772 114.208184
22.416791 114.208175
22.416819 114.208176
22.416875 114.208191
22.416966 114.208241
22.417103 114.208330
22.417147 114.208355
22.417246 114.208313
22.417333 114.208094
22.417347 114.208065
22.417367 114.208049
22.417377 114.208042
22.417407 114.208038

22.418760 114.208062
22.418768 114.208121
22.418786 114.208269
22.418800 114.208419
22.418803 114.208447
22.418805 114.208465
22.418810 114.208508
22.418815 114.208534
22.418821 114.208563
22.418825 114.208598
22.418820 114.208614
22.418829 114.208628
22.418854 114.208694
22.418859 114.208729
22.418860 114.208747
22.418851 114.208794
22.418850 114.208810
22.418879 114.208952
22.418962 114.209091
22.419067 114.209092
22.419217 114.209138
22.419245 114.209153
22.419288 114.209178
22.419311 114.209191
22.419346 114.209210
22.419358 114.209218
22.419378 114.209230
22.419528 114.209263
22.419641 114.209243
22.419658 114.209188
22.419701 114.209028
22.419721 114.208833
22.419825 114.208740
22.419873 114.208613
22.419878 114.208598
22.419879 114.208518
22.419879 114.208488
22.419879 114.208470
22.419876 114.208422
22.419871 114.208342
22.419868 114.208288
22.419870 114.208221
22.419870 114.208204
22.419870 114.208185
22.419871 114.208137
22.419870 114.208091
22.419870 114.208029
22.419870 114.207997
22.419870 114.207971
22.419870 114.207923
22.419870 114.207882
22.419871 114.207854
22.419872 114.207747
22.419871 114.207551
22.419869 114.207462
22.419868 114.207390
22.419868 114.207365
22.419869 114.207316
22.419869 114.207181
22.419866 114.206973
22.419849 114.206949
22.419870 114.206911
22.419876 114.206869
22.419879 114.206812
22.419883 114.206772
22.419885 114.206749
22.419884 114.206720
22.419879 114.206688
22.419865 114.206584

22.425732 114.205523
22.425799 114.205511
22.425813 114.205495
22.425834 114.205479
22.425868 114.205410
22.425891 114.205393
22.426017 114.205426
22.426145 114.205488
22.426169 114.205505
22.426193 114.205518
22.426207 114.205526
22.426281 114.205575
22.426298 114.205588
22.426345 114.205623
22.426362 114.205634
22.426382 114.205648
22.426473 114.205727
22.426570 114.205788
22.426582 114.205783
22.426612 114.205799
22.426627 114.205812
22.426668 114.205840
22.426688 114.205853
22.426701 114.205858
22.426733 114.205864
22.426780 114.205843
22.426822 114.205806
22.426909 114.205675
22.427031 114.205471
22.427047 114.205445
22.427074 114.205406
22.427091 114.205380
22.427117 114.205341
22.427145 114.205298
22.427156 114.205280
22.427175 114.205249
22.427199 114.205212
22.427215 114.205186
22.427228 114.205166
22.427264 114.205122
22.427294 114.205077
22.427320 114.205029
22.427380 114.204928
22.427484 114.204762
22.427496 114.204741
22.427503 114.204724
22.427527 114.204668
22.427536 114.204652
22.427563 114.204613
22.427551 114.204567
22.427585 114.204472

22.425311 114.207800
22.425398 114.207685
22.425410 114.207628
22.425419 114.207582
22.425423 114.207557
22.425428 114.207530
22.425438 114.207479
22.425451 114.207419
22.425454 114.207393
22.425463 114.207330
22.425487 114.207167
22.425517 114.206989
22.425524 114.206960
22.425533 114.206917
22.425538 114.206885
22.425543 114.206847
22.425551 114.206798
22.425577 114.206643
22.425604 114.206440
22.425609 114.206379
22.425614 114.206323
22.425619 114.206292
22.425622 114.206271
22.425628 114.206219
22.425619 114.206201
22.425612 114.206179
22.425619 114.206156
22.425644 114.206012
22.425669 114.205834
22.425682 114.205743
22.425732 114.205523

22.421966 114.204172
22.421968 114.204208
22.421969 114.204231
22.421966 114.204259
22.421962 114.204272
22.421953 114.204306
22.421934 114.204348
22.421934 114.204362
22.421931 114.204414
22.421922 114.204447
22.421910 114.204488
22.421906 114.204512
22.421902 114.204537
22.421899 114.204573
22.421908 114.204613
22.422048 114.204760
22.422166 114.204786
22.422181 114.204788
22.422220 114.204790
22.422343 114.204780
22.422491 114.204722
22.422507 114.204718
22.422520 114.204713
22.422546 114.204702
22.422559 114.204697
22.422575 114.204692
22.422597 114.204684
22.422610 114.204681
22.422657 114.204667
22.422687 114.204659
22.422719 114.204650
22.422816 114.204621
22.422990 114.204609
22.423018 114.204612
22.423122 114.204674
22.423197 114.204820
22.423210 114.204838
22.423219 114.204855
22.423231 114.204879
22.423244 114.204913
22.423255 114.204946
22.423260 114.205185

22.420618 114.205096
22.420643 114.205135
22.420660 114.205152
22.420674 114.205122
22.420718 114.205119
22.420749 114.205157
22.420891 114.205059
22.420974 114.205020
22.421115 114.205110
22.421159 114.205251
22.421163 114.205300
22.421145 114.205440
22.421118 114.205597
22.421116 114.205620
22.421118 114.205658
22.421123 114.205676
22.421129 114.205718
22.421135 114.205762
22.421193 114.205908

22.419922 114.206047
22.419877 114.205779
22.419877 114.205612
22.419861 114.205467
22.419862 114.205447
22.419864 114.205430
22.419865 114.205413
22.419864 114.205382
22.419863 114.205357
22.419866 114.205317
22.419865 114.205287
22.419863 114.205273
22.419854 114.205207
22.419851 114.205183
22.419881 114.205017
22.419872 114.204644
22.419876 114.204500
22.419878 114.204464
22.419876 114.204426
22.419888 114.204385
22.419880 114.204371
22.419853 114.204349
22.419877 114.204146
22.419871 114.203946
22.419870 114.203900
22.419871 114.203878
22.419871 114.203860
22.419872 114.203815
22.419873 114.203795
22.419872 114.203757
22.419872 114.203721
22.419872 114.203689
22.419872 114.203622
22.419873 114.203599
22.419870 114.203500
22.419867 114.203439
22.419866 114.203387
22.419897 114.203136
22.419985 114.203132
22.420011 114.203112
22.420023 114.203104
22.420051 114.203049
22.420073 114.203020
22.420106 114.203033
22.420224 114.203018
22.420347 114.203105
22.420363 114.203109
22.420393 114.203128
22.420427 114.203163
22.420466 114.203383

22.420466 114.203383
22.420268 114.203746
22.420200 114.203887
22.420175 114.203931
22.420190 114.203978
22.420192 114.203996
22.420195 114.204061
22.420199 114.204098
22.420202 114.204118
22.420204 114.204165
22.420205 114.204205
22.420204 114.204259
22.420244 114.204363
22.420283 114.204566
22.420285 114.204583
22.420289 114.204608
22.420292 114.204643
22.420300 114.204693
22.420308 114.204739
22.420318 114.204794
22.420331 114.204837
22.420335 114.204857
22.420356 114.204899
22.420355 114.204927
22.420359 114.204963
22.420361 114.204989
22.420295 114.205093
22.420356 114.205281
22.420355 114.205304
22.420356 114.205334
22.420354 114.205358
22.420353 114.205388
22.420352 114.205409
22.420347 114.205436
22.420345 114.205464
22.420346 114.205500
22.420375 114.205679
22.420432 114.205804
22.420463 114.205841
22.420488 114.205869
22.420505 114.205887
22.420544 114.205929
22.420563 114.205949
22.420589 114.205985
22.420641 114.206089
22.420702 114.206258
22.420725 114.206305
22.420783 114.206378
22.420815 114.206536
22.420882 114.206707
22.420905 114.206763
22.420913 114.206783
22.420944 114.206858
22.420956 114.206881
22.420965 114.206909
22.420971 114.206922
22.421029 114.207024
22.421128 114.207214
22.421134 114.207233
22.421134 114.207297
22.421136 114.207327
22.421130 114.207398
22.421128 114.207429
22.421146 114.207520

22.413923 114.209730
22.413944 114.209731
22.413958 114.209731
22.414084 114.209793
22.414152 114.209922
22.414183 114.209940
22.414191 114.209958
22.414360 114.210113
22.414544 114.210212
22.414551 114.210236
22.414565 114.210251
22.414688 114.210303
22.414787 114.210331
22.414800 114.210347
22.414815 114.210376
22.414835 114.210389
22.414847 114.210394
22.414884 114.210390
22.414902 114.210392
22.414925 114.210390
22.414950 114.210395
22.414969 114.210401
22.415085 114.210455
22.415218 114.210521
22.415243 114.210536
22.415270 114.210553
22.415292 114.210570
22.415308 114.210582
22.415322 114.210593
22.415344 114.210608
22.415365 114.210623
22.415504 114.210734
22.415578 114.210803
22.415594 114.210816
22.415614 114.210835
22.415629 114.210850
22.415646 114.210868
22.415668 114.210892
22.415690 114.210912
22.415715 114.210937
22.415738 114.210961
22.415751 114.210975
22.415781 114.210997
22.415843 114.211046
22.415869 114.211073
22.415904 114.211115
22.416032 114.211275
22.416085 114.211307
22.416125 114.211358
22.416142 114.211377
22.416157 114.211392
22.416176 114.211410
22.416199 114.211432
22.416216 114.211446
22.416240 114.211467
22.416251 114.211478
22.416372 114.211598
22.416447 114.211668
22.416472 114.211719
22.416506 114.211763
22.416532 114.211793
22.416543 114.211805
22.416672 114.211939
22.416775 114.212026
22.416806 114.212072
22.416832 114.212102
22.416847 114.212117
22.416880 114.212153
22.416897 114.212173
22.416918 114.212197
22.416948 114.212230
22.416963 114.212246
22.416988 114.212270
22.417111 114.212358
22.417200 114.212371
22.417229 114.212388
22.417263 114.212401
22.417321 114.212396
22.417337 114.212394
22.417356 114.212394
22.417370 114.212395
22.417400 114.212396
22.417620 114.212433

22.419922 114.206047
22.420055 114.206148
22.420076 114.206155
22.420102 114.206161
22.420123 114.206168
22.420149 114.206178
22.420168 114.206188
22.420199 114.206209
22.420283 114.206297
22.420376 114.206440
22.420385 114.206462
22.420391 114.206483
22.420397 114.206509
22.420406 114.206535
22.420412 114.206550
22.420426 114.206578
22.420444 114.206610
22.420476 114.206660
22.420542 114.206807
22.420631 114.206975
22.420640 114.206991
22.420729 114.207147
22.420824 114.207289
22.420840 114.207457
22.420716 114.207651
22.420597 114.207763
22.420574 114.207779
22.420542 114.207807
22.420493 114.207861
22.420476 114.207884
22.420452 114.207922
22.420449 114.207940
22.420436 114.207983
22.420476 114.208137
22.420540 114.208233
22.420567 114.208248
22.420583 114.208252
22.420601 114.208255
22.420707 114.208159
22.420821 114.207954
22.420861 114.207876
22.420899 114.207843
22.420929 114.207806
22.420958 114.207775
22.420969 114.207757
22.420981 114.207743
22.420990 114.207734
22.421146 114.207520

22.420070 114.212724
22.420202 114.212775
22.420226 114.212776
22.420335 114.212760
22.420489 114.212740
22.420517 114.212734
22.420543 114.212730
22.420590 114.212721
22.420600 114.212717
22.420627 114.212711
22.420652 114.212708
22.420793 114.212676
22.420947 114.212645
22.420970 114.212642
22.421002 114.212637
22.421026 114.212631
22.421075 114.212626
22.421130 114.212607
22.421180 114.212592
22.421240 114.212572
22.421261 114.212566
22.421288 114.212559
22.421306 114.212557
22.421364 114.212536
22.421479 114.212487
22.421597 114.212437
22.421622 114.212429
22.421665 114.212417
22.421683 114.212415
22.421729 114.212395
22.421762 114.212384
22.421786 114.212377
22.421801 114.212374
22.421918 114.212328
22.422062 114.212266
22.422105 114.212242
22.422137 114.212222
22.422151 114.212213
22.422199 114.212190
22.422293 114.212129
22.422403 114.212043
22.422422 114.212044
22.422447 114.212030
22.422477 114.212009
22.422499 114.211997
22.422551 114.211964
22.422570 114.211953
22.422585 114.211941
22.422621 114.211905
22.422641 114.211883
22.422656 114.211865
22.422682 114.211834
22.422756 114.211744
22.422879 114.211582
22.422885 114.211569
22.422908 114.211539
22.422935 114.211505
22.422943 114.211493
22.422969 114.211462
22.422978 114.211451
22.423031 114.211386
22.423071 114.211332
22.423097 114.211305
22.423108 114.211292
22.423199 114.211172
22.423288 114.211089
22.423316 114.211067
22.423353 114.211022
22.423387 114.210982
22.423400 114.210968
22.423426 114.210933
22.423449 114.210902
22.423473 114.210868
22.423520 114.210808
22.423562 114.210759
22.423575 114.210745
22.423591 114.210722
22.423624 114.210665
22.423661 114.210617
22.423682 114.210593
22.423707 114.210562
22.423725 114.210537
22.423839 114.210395
22.423929 114.210288
22.423943 114.210276
22.423985 114.210225
22.424019 114.210183
22.424050 114.210148
22.424067 114.210125
22.424090 114.210091
22.424105 114.210067
22.424129 114.210037
22.424147 114.210017
22.424224 114.209911
22.424309 114.209787
22.424332 114.209763
22.424343 114.209753
22.424372 114.209725
22.424402 114.209688
22.424412 114.209675
22.424439 114.209638
22.424468 114.209598
22.424489 114.209569
22.424533 114.209520
22.424580 114.209453
22.424601 114.209428
22.424620 114.209405
22.424660 114.209343
22.424675 114.209317
22.424690 114.209296
22.424710 114.209268
22.424735 114.209241
22.424752 114.209221
22.424799 114.209157
22.424833 114.209102
22.424892 114.208989
22.424959 114.208806
22.424969 114.208785
22.424979 114.208769
22.425011 114.208720
22.425026 114.208696
22.425041 114.208667
22.425056 114.208626
22.425067 114.208588
22.425086 114.208548
22.425119 114.208480
22.425131 114.208457
22.425189 114.208341
22.425258 114.208198
22.425270 114.208157
22.425279 114.208129
22.425289 114.208098
22.425295 114.208077
22.425307 114.208027
22.425311 114.207800

22.425311 114.207800
22.425143 114.207731
22.425062 114.207633
22.425026 114.207499
22.425015 114.207441
22.425010 114.207394
22.425003 114.207333
22.424965 114.207166
22.424887 114.207053
22.424862 114.207017
22.424841 114.206995
22.424805 114.206958
22.424793 114.206945
22.424749 114.206902
22.424705 114.206875
22.424678 114.206860
22.424641 114.206832
22.424524 114.206741
22.424428 114.206686
22.424402 114.206683
22.424367 114.206689
22.424325 114.206695
22.424306 114.206698
22.424295 114.206703
22.424257 114.206712
22.424232 114.206721
22.424218 114.206725
22.424194 114.206729
22.424146 114.206729
22.424053 114.206728
22.423929 114.206686
22.423905 114.206673
22.423878 114.206653
22.423852 114.206636
22.423829 114.206619
22.423802 114.206598
22.423700 114.206490
22.423596 114.206409
22.423560 114.206388
22.423520 114.206355
22.423498 114.206332
22.423483 114.206318
22.423459 114.206298
22.423402 114.206258
22.423272 114.206192
22.423178 114.206104
22.423157 114.206064
22.423141 114.206030
22.423126 114.205996
22.423114 114.205971
22.423058 114.205807
22.423037 114.205675
22.423053 114.205623
22.423076 114.205581
22.423082 114.205539
22.423212 114.205257
22.423245 114.205243
22.423260 114.205185

22.422203 114.201013
22.422127 114.200778
22.422221 114.200586
22.422238 114.200565
22.422266 114.200557
22.422299 114.200595
22.422332 114.200591
22.422347 114.200587
22.422384 114.200577
22.422401 114.200572
22.422426 114.200571
22.422445 114.200573
22.422473 114.200582
22.422513 114.200598
22.422641 114.200701
22.422728 114.200823
22.422816 114.200967
22.422905 114.201046
22.423040 114.201011
22.423150 114.200967
22.423177 114.200948
22.423196 114.200935
22.423227 114.200918
22.423257 114.200903
22.423269 114.200894
22.423293 114.200880
22.423383 114.200832
22.423518 114.200827
22.423536 114.200836
22.423549 114.200836
22.423575 114.200835
22.423619 114.200814
22.423642 114.200808
22.423683 114.200817
22.423708 114.200825
22.423720 114.200830
22.423741 114.200847
22.423762 114.200867
22.423784 114.200891
22.423808 114.200924
22.423881 114.201068
22.423932 114.201231
22.423943 114.201270
22.423948 114.201293
22.423950 114.201307
22.423961 114.201343
22.423969 114.201361
22.423988 114.201401
22.424069 114.201532
22.424151 114.201657
22.424173 114.201687
22.424197 114.201715
22.424238 114.201757
22.424266 114.201785
22.424277 114.201797
22.424304 114.201823
22.424429 114.201912
22.424548 114.201985
22.424626 114.202016
22.424643 114.202020
22.424656 114.202024
22.424712 114.202052
22.424745 114.202068
22.424757 114.202075
22.424780 114.202087
22.424828 114.202119
22.424879 114.202171
22.424903 114.202208
22.424927 114.202242
22.424930 114.202265
22.425012 114.202374
22.425073 114.202526
22.425098 114.202619
22.425104 114.202643
22.425107 114.202677
22.425105 114.202715
22.425107 114.202765
22.425132 114.202965
22.425150 114.203130
22.425150 114.203145
22.425170 114.203220
22.425181 114.203252
22.425191 114.203339
22.425198 114.203372
22.425223 114.203428
22.425264 114.203573
22.425341 114.203746
22.425365 114.203812
22.425483 114.203978
22.425568 114.204089
22.425571 114.204116
22.425594 114.204151
22.425610 114.204177
22.425621 114.204199
22.425631 114.204223
22.425659 114.204269
22.425674 114.204294
22.425696 114.204330
22.425779 114.204521
22.425812 114.204668
22.425817 114.204696
22.425822 114.204736
22.425821 114.204753
22.425815 114.204811
22.425808 114.204852
22.425793 114.205015
22.425788 114.205184
22.425793 114.205213
22.425732 114.205523

