22.420345 114.205386
22.420341 114.205447
22.420344 114.205505
22.420382 114.205685
22.420464 114.205839
22.420490 114.205870
22.420519 114.205902
22.420543 114.205929
22.420561 114.205950
22.420569 114.205961
22.420581 114.205977
22.420638 114.206084
22.420744 114.206383
22.420755 114.206413
22.420812 114.206519
22.420885 114.206705
22.420903 114.206751
22.420914 114.206782
22.420935 114.206836
22.420942 114.206860
22.420948 114.206872
22.420962 114.206911
22.420968 114.206923
22.421027 114.207014
22.421126 114.207216
22.421143 114.207379
22.421221 114.207373
22.421303 114.207296

22.422483 114.201187
22.422489 114.201220
22.422494 114.201259

22.422494 114.201259
22.422520 114.201293
22.422534 114.201326

22.419539 114.205798
22.419511 114.205877
22.419459 114.205538
22.419575 114.205364
22.419501 114.205275
22.419456 114.205296

22.419539 114.205798
22.419511 114.205877
22.419507 114.206113
22.419506 114.206244

22.415526 114.207569
22.415544 114.207568
22.415574 114.207565
22.415586 114.207562

22.419800 114.203041
22.419816 114.202993
22.419832 114.202969
22.419962 114.202971
22.420056 114.203058
22.420086 114.203037
22.420111 114.203050
22.420122 114.203063
22.420173 114.203069
22.420354 114.203108
22.420399 114.203199
22.420432 114.203223
22.420435 114.203445
22.420267 114.203730
22.420252 114.203755
22.420222 114.203809
22.420205 114.203933
22.420211 114.204160
22.420217 114.204207
22.420212 114.204249
22.420212 114.204277
22.420251 114.204384
22.420277 114.204568
22.420283 114.204610
22.420286 114.204645
22.420288 114.204660
22.420292 114.204683
22.420302 114.204740
22.420312 114.204785
22.420328 114.204836
22.420336 114.204860
22.420353 114.204903
22.420354 114.204964
22.420357 114.204993
22.420373 114.205057
22.420376 114.205075
22.420302 114.205087
22.420345 114.205386

22.419800 114.203041
22.419816 114.202993
22.419832 114.202969
22.419962 114.202971
22.420056 114.203058
22.420086 114.203037
22.420111 114.203050
22.420122 114.203063
22.420173 114.203069
22.420354 114.203108
22.420399 114.203199
22.420432 114.203223
22.420435 114.203445
22.420267 114.203730
22.420252 114.203755
22.420222 114.203809
22.420205 114.203933
22.420211 114.204160
22.420217 114.204207
22.420212 114.204249
22.420212 114.204277
22.420251 114.204384
22.420277 114.204568
22.420283 114.204610
22.420286 114.204645
22.420288 114.204660
22.420292 114.204683
22.420302 114.204740
22.420312 114.204785
22.420328 114.204836
22.420336 114.204860
22.420353 114.204903
22.420354 114.204964
22.420357 114.204993
22.420373 114.205057
22.420376 114.205075
22.420302 114.205087
22.420569 114.205122
22.420593 114.205129
22.420616 114.205136
22.420642 114.205147
22.420661 114.205155
22.420678 114.205123
22.420719 114.205119
22.420750 114.205157
22.420891 114.205060
22.420974 114.205020
22.421108 114.205077
22.421180 114.205185
22.421185 114.205207
22.421189 114.205237
22.421191 114.205258
22.421194 114.205294
22.421164 114.205451
22.421121 114.205579
22.421115 114.205600
22.421114 114.205657
22.421119 114.205680
22.421127 114.205695
22.421204 114.205903

22.419800 114.203041
22.419816 114.202993
22.419832 114.202969
22.419962 114.202971
22.420056 114.203058
22.420086 114.203037
22.420111 114.203050
22.420122 114.203063
22.420173 114.203069
22.420354 114.203108
22.420399 114.203199
22.420432 114.203223
22.420435 114.203445
22.420438 114.203481
22.420503 114.203462
22.420562 114.203431
22.420606 114.203418
22.420651 114.203429
22.420836 114.203440
22.420898 114.203439
22.420913 114.203446
22.420945 114.203448
22.420962 114.203447
22.421019 114.203456
22.421032 114.203461
22.421081 114.203472

22.420345 114.205386
22.420302 114.205087
22.420376 114.205075
22.420373 114.205057
22.420357 114.204993
22.420354 114.204964
22.420353 114.204903
22.420336 114.204860
22.420328 114.204836
22.420312 114.204785
22.420302 114.204740
22.420292 114.204683
22.420288 114.204660
22.420286 114.204645
22.420283 114.204610
22.420277 114.204568
22.420251 114.204384
22.420212 114.204277
22.420212 114.204249
22.420217 114.204207
22.420211 114.204160
22.420205 114.203933
22.420222 114.203809
22.420252 114.203755
22.420267 114.203730
22.420435 114.203445
22.420438 114.203481
22.420503 114.203462
22.420562 114.203431
22.420606 114.203418
22.420651 114.203429
22.420836 114.203440
22.420898 114.203439
22.420913 114.203446
22.420945 114.203448
22.420962 114.203447
22.421019 114.203456
22.421032 114.203461
22.421081 114.203472

22.420928 114.207825
22.421026 114.207678
22.421109 114.207571
22.421221 114.207373
22.421303 114.207296

22.421081 114.203472
22.421142 114.203485
22.421173 114.203495
22.421272 114.203482

22.421204 114.205903
22.421127 114.205695
22.421119 114.205680
22.421114 114.205657
22.421115 114.205600
22.421121 114.205579
22.421164 114.205451
22.421194 114.205294
22.421191 114.205258
22.421189 114.205237
22.421185 114.205207
22.421180 114.205185
22.421108 114.205077
22.420974 114.205020
22.420891 114.205060
22.420750 114.205157
22.420719 114.205119
22.420678 114.205123
22.420661 114.205155
22.420642 114.205147
22.420616 114.205136
22.420593 114.205129
22.420569 114.205122
22.420302 114.205087
22.420345 114.205386

22.420278 114.212424
22.420264 114.212460
22.420257 114.212504
22.420245 114.212566
22.420133 114.212622
22.420027 114.212664
22.419976 114.212665
22.419963 114.212664
22.419938 114.212658
22.419925 114.212653
22.419914 114.212645
22.419859 114.212621
22.419812 114.212598
22.419790 114.212587
22.419661 114.212549
22.419547 114.212583
22.419531 114.212594
22.419516 114.212602
22.419486 114.212639
22.419475 114.212664
22.419471 114.212681
22.419505 114.212800
22.419515 114.212930
22.419488 114.212939
22.419420 114.212962
22.419302 114.212968
22.419188 114.212971
22.419165 114.212965
22.419150 114.212962
22.419133 114.212963
22.419115 114.212965
22.419101 114.212966
22.419037 114.212963
22.418904 114.212959
22.418744 114.212956
22.418729 114.212955
22.418713 114.212952
22.418676 114.212951
22.418537 114.212933
22.418510 114.212928
22.418470 114.212918
22.418456 114.212913
22.418388 114.212888
22.418372 114.212881
22.418253 114.212830
22.418128 114.212773
22.418058 114.212736
22.418022 114.212716
22.417998 114.212702
22.417945 114.212670
22.417924 114.212656
22.417889 114.212633
22.417840 114.212601
22.417817 114.212586
22.417786 114.212565
22.417773 114.212556
22.417623 114.212442
22.417599 114.212269
22.417601 114.212244
22.417608 114.212219
22.417613 114.212202
22.417618 114.212170
22.417625 114.211991
22.417629 114.211806
22.417633 114.211789
22.417634 114.211768
22.417626 114.211705
22.417621 114.211666
22.417621 114.211623
22.417623 114.211596
22.417624 114.211577
22.417646 114.211415
22.417667 114.211269
22.417672 114.211244
22.417688 114.211169
22.417701 114.211116
22.417703 114.211101
22.417719 114.211063
22.417737 114.211036
22.417738 114.210980
22.417748 114.210930
22.417793 114.210706
22.417813 114.210570

22.417813 114.210570
22.417822 114.210513
22.417837 114.210463
22.417845 114.210438
22.417855 114.210408
22.417866 114.210365
22.417914 114.210270
22.417945 114.210237
22.417950 114.210216

22.417950 114.210216
22.417975 114.210060
22.418013 114.209886

22.418013 114.209886
22.418024 114.209858
22.418031 114.209836
22.418043 114.209798
22.418134 114.209559
22.418154 114.209459
22.418157 114.209444
22.418168 114.209389
22.418183 114.209353
22.418196 114.209332
22.418209 114.209298
22.418222 114.209265
22.418240 114.209220
22.418247 114.209202
22.418258 114.209174
22.418269 114.209149
22.418385 114.208952
22.418383 114.208887
22.418386 114.208859
22.418426 114.208821
22.418463 114.208782
22.418473 114.208763
22.418588 114.208592
22.418591 114.208454
22.418587 114.208434
22.418583 114.208400
22.418579 114.208377
22.418566 114.208316
22.418558 114.208288
22.418549 114.208248
22.418559 114.208031
22.418707 114.208029
22.418773 114.208175
22.418796 114.208356
22.418798 114.208379
22.418804 114.208426
22.418807 114.208451
22.418811 114.208480
22.418811 114.208515
22.418816 114.208628
22.418840 114.208856
22.418847 114.208896
22.418851 114.208916
22.418854 114.208933
22.418869 114.208985
22.418898 114.209030
22.418984 114.209086
22.419121 114.209120
22.419134 114.209122
22.419159 114.209129
22.419205 114.209146
22.419241 114.209165
22.419263 114.209177
22.419284 114.209189
22.419308 114.209201
22.419343 114.209220
22.419354 114.209227
22.419374 114.209239
22.419418 114.209257
22.419467 114.209274
22.419483 114.209287
22.419641 114.209198
22.419686 114.209080
22.419685 114.209047
22.419689 114.209009
22.419699 114.208939
22.419704 114.208910
22.419714 114.208869
22.419719 114.208855
22.419761 114.208841
22.419796 114.208729
22.419894 114.208550
22.419872 114.208436
22.419869 114.208222
22.419870 114.208185
22.419870 114.208138
22.419870 114.208091
22.419871 114.208029
22.419871 114.207997
22.419871 114.207923
22.419872 114.207882
22.419873 114.207854
22.419875 114.207820
22.419875 114.207767
22.419873 114.207685
22.419870 114.207387
22.419868 114.207361

22.414367 114.210118
22.414558 114.210217
22.414570 114.210228
22.414710 114.210287
22.414784 114.210294
22.414794 114.210306
22.414808 114.210320
22.414822 114.210350
22.414842 114.210363
22.414855 114.210368
22.414906 114.210376
22.414930 114.210372
22.414955 114.210378
22.414973 114.210384
22.415089 114.210439
22.415217 114.210512
22.415246 114.210530
22.415273 114.210548
22.415295 114.210564
22.415311 114.210576
22.415326 114.210587
22.415347 114.210602
22.415368 114.210617
22.415385 114.210629
22.415520 114.210741
22.415582 114.210793
22.415599 114.210809
22.415618 114.210828
22.415650 114.210863
22.415672 114.210886
22.415693 114.210907
22.415718 114.210932
22.415741 114.210956
22.415754 114.210969
22.415771 114.210985
22.415782 114.210991
22.415920 114.211126
22.416004 114.211220
22.416019 114.211240
22.416057 114.211287
22.416075 114.211305
22.416084 114.211314
22.416126 114.211356
22.416144 114.211375
22.416159 114.211389
22.416178 114.211408
22.416201 114.211430
22.416218 114.211444
22.416242 114.211466
22.416373 114.211596
22.416448 114.211667
22.416475 114.211716
22.416509 114.211759
22.416536 114.211789
22.416547 114.211801
22.416689 114.211949
22.416775 114.212027
22.416806 114.212072
22.416827 114.212093
22.416848 114.212114
22.416882 114.212150
22.416899 114.212170
22.416920 114.212194
22.416950 114.212227
22.416965 114.212243
22.417099 114.212345
22.417188 114.212351
22.417200 114.212362
22.417229 114.212380
22.417263 114.212394
22.417321 114.212390
22.417338 114.212387
22.417356 114.212386
22.417401 114.212388
22.417623 114.212442
22.417599 114.212269
22.417601 114.212244
22.417608 114.212219
22.417613 114.212202
22.417618 114.212170
22.417625 114.211991
22.417629 114.211806
22.417633 114.211789
22.417634 114.211768
22.417626 114.211705
22.417621 114.211666
22.417621 114.211623
22.417623 114.211596
22.417624 114.211577
22.417646 114.211415
22.417667 114.211269
22.417672 114.211244
22.417688 114.211169
22.417701 114.211116
22.417703 114.211101
22.417719 114.211063
22.417737 114.211036
22.417738 114.210980
22.417748 114.210930
22.417793 114.210706
22.417813 114.210570

22.419495 114.206517
22.419491 114.206499
22.419485 114.206464
22.419483 114.206444
22.419485 114.206417
22.419506 114.206244

22.419506 114.206244
22.419507 114.206113
22.419511 114.205877
22.419459 114.205538
22.419575 114.205364
22.419501 114.205275
22.419456 114.205296

22.426363 114.205630
22.426461 114.205698
22.426573 114.205770
22.426613 114.205796
22.426626 114.205808
22.426653 114.205828
22.426670 114.205842
22.426686 114.205851
22.426700 114.205858
22.426732 114.205864
22.426753 114.205860
22.426780 114.205841
22.426822 114.205804
22.426909 114.205674
22.427031 114.205471
22.427047 114.205445
22.427074 114.205406
22.427091 114.205380
22.427117 114.205341
22.427145 114.205298
22.427156 114.205280
22.427175 114.205249
22.427199 114.205212
22.427215 114.205186
22.427228 114.205166
22.427264 114.205122
22.427294 114.205077
22.427320 114.205029
22.427380 114.204928
22.427484 114.204762
22.427496 114.204741
22.427503 114.204724
22.427527 114.204668
22.427536 114.204652
22.427563 114.204613
22.427551 114.204567
22.427585 114.204472

22.413922 114.209733
22.413943 114.209732
22.413958 114.209731
22.414084 114.209793
22.414151 114.209922
22.414182 114.209940
22.414191 114.209958
22.414212 114.210004
22.414367 114.210118

22.418827 114.205313
22.418836 114.205118
22.418828 114.205091
22.418824 114.205066
22.418805 114.204830
22.418791 114.204753
22.418792 114.204703
22.418797 114.204681
22.418797 114.204662
22.418800 114.204628
22.418829 114.204479
22.418976 114.204359
22.418998 114.204351
22.419010 114.204350
22.419030 114.204350
22.419068 114.204353
22.419136 114.204354
22.419148 114.204354
22.419162 114.204354
22.419243 114.204354
22.419454 114.204349
22.419594 114.204364
22.419618 114.204368
22.419654 114.204366
22.419678 114.204366
22.419774 114.204314
22.419939 114.204581
22.419924 114.204892
22.419877 114.204983
22.419886 114.205018
22.419914 114.205085
22.419926 114.205104
22.419914 114.205132
22.419896 114.205172
22.419895 114.205197
22.419904 114.205252
22.419909 114.205272
22.419925 114.205311
22.419925 114.205487
22.419886 114.205628
22.419894 114.205669
22.419868 114.205831
22.419810 114.205937
22.419816 114.205976
22.419850 114.206010
22.419910 114.206160
22.419855 114.206305
22.419816 114.206418
22.419859 114.206490
22.419859 114.206520
22.419860 114.206535
22.419861 114.206585
22.419862 114.206599
22.419864 114.206638
22.419863 114.206692
22.419862 114.206753
22.419825 114.206972
22.419866 114.207070

22.419866 114.207070
22.419869 114.207109
22.419871 114.207182
22.419870 114.207210
22.419867 114.207277
22.419866 114.207292

22.419866 114.207292
22.419868 114.207316
22.419868 114.207361

22.414367 114.210118
22.414558 114.210217
22.414570 114.210228
22.414710 114.210287
22.414784 114.210294
22.414794 114.210306
22.414808 114.210320
22.414822 114.210350
22.414842 114.210363
22.414855 114.210368
22.414906 114.210376
22.414930 114.210372
22.414955 114.210378
22.414973 114.210384
22.415089 114.210439
22.415217 114.210512
22.415246 114.210530
22.415273 114.210548
22.415295 114.210564
22.415311 114.210576
22.415326 114.210587
22.415347 114.210602
22.415368 114.210617
22.415385 114.210629
22.415520 114.210741
22.415582 114.210793
22.415599 114.210809
22.415618 114.210828
22.415650 114.210863
22.415672 114.210886
22.415693 114.210907
22.415718 114.210932
22.415741 114.210956
22.415754 114.210969
22.415771 114.210985
22.415782 114.210991
22.415920 114.211126
22.416004 114.211220
22.416019 114.211240
22.416057 114.211287
22.416075 114.211305
22.416084 114.211314
22.416126 114.211356
22.416144 114.211375
22.416159 114.211389
22.416178 114.211408
22.416201 114.211430
22.416218 114.211444
22.416242 114.211466
22.416373 114.211596
22.416448 114.211667
22.416475 114.211716
22.416509 114.211759
22.416536 114.211789
22.416547 114.211801
22.416689 114.211949
22.416775 114.212027
22.416806 114.212072
22.416827 114.212093
22.416848 114.212114
22.416882 114.212150
22.416899 114.212170
22.416920 114.212194
22.416950 114.212227
22.416965 114.212243
22.417099 114.212345
22.417188 114.212351
22.417200 114.212362
22.417229 114.212380
22.417263 114.212394
22.417321 114.212390
22.417338 114.212387
22.417356 114.212386
22.417401 114.212388
22.417623 114.212442
22.417773 114.212556
22.417786 114.212565
22.417817 114.212586
22.417840 114.212601
22.417889 114.212633
22.417924 114.212656
22.417945 114.212670
22.417998 114.212702
22.418022 114.212716
22.418058 114.212736
22.418128 114.212773
22.418253 114.212830
22.418372 114.212881
22.418388 114.212888
22.418456 114.212913
22.418470 114.212918
22.418510 114.212928
22.418537 114.212933
22.418676 114.212951
22.418713 114.212952
22.418729 114.212955
22.418744 114.212956
22.418904 114.212959
22.419037 114.212963
22.419101 114.212966
22.419115 114.212965
22.419133 114.212963
22.419150 114.212962
22.419165 114.212965
22.419188 114.212971
22.419302 114.212968
22.419420 114.212962
22.419488 114.212939
22.419515 114.212930
22.419505 114.212800
22.419471 114.212681
22.419475 114.212664
22.419486 114.212639
22.419516 114.212602
22.419531 114.212594
22.419547 114.212583
22.419661 114.212549
22.419790 114.212587
22.419812 114.212598
22.419859 114.212621
22.419914 114.212645
22.419925 114.212653
22.419938 114.212658
22.419963 114.212664
22.419976 114.212665
22.420027 114.212664
22.420133 114.212622
22.420245 114.212566
22.420257 114.212504
22.420264 114.212460
22.420278 114.212424

22.420345 114.205386
22.420341 114.205447
22.420344 114.205505
22.420382 114.205685
22.420464 114.205839
22.420490 114.205870
22.420519 114.205902
22.420543 114.205929
22.420561 114.205950
22.420569 114.205961
22.420581 114.205977
22.420638 114.206084
22.420744 114.206383
22.420755 114.206413
22.420812 114.206519
22.420885 114.206705
22.420903 114.206751
22.420914 114.206782
22.420935 114.206836
22.420942 114.206860
22.420948 114.206872
22.420962 114.206911
22.420968 114.206923
22.421027 114.207014
22.421126 114.207216
22.421143 114.207379
22.421221 114.207373
22.421109 114.207571
22.421026 114.207678
22.420928 114.207825

22.421204 114.205903
22.421127 114.205695
22.421119 114.205680
22.421114 114.205657
22.421115 114.205600
22.421121 114.205579
22.421164 114.205451
22.421194 114.205294
22.421191 114.205258
22.421189 114.205237
22.421185 114.205207
22.421180 114.205185
22.421108 114.205077
22.420974 114.205020
22.420891 114.205060
22.420750 114.205157
22.420719 114.205119
22.420678 114.205123
22.420661 114.205155
22.420642 114.205147
22.420616 114.205136
22.420593 114.205129
22.420569 114.205122
22.420302 114.205087
22.420376 114.205075
22.420373 114.205057
22.420357 114.204993
22.420354 114.204964
22.420353 114.204903
22.420336 114.204860
22.420328 114.204836
22.420312 114.204785
22.420302 114.204740
22.420292 114.204683
22.420288 114.204660
22.420286 114.204645
22.420283 114.204610
22.420277 114.204568
22.420251 114.204384
22.420212 114.204277
22.420212 114.204249
22.420217 114.204207
22.420211 114.204160
22.420205 114.203933
22.420222 114.203809
22.420252 114.203755
22.420267 114.203730
22.420435 114.203445
22.420438 114.203481
22.420503 114.203462
22.420562 114.203431
22.420606 114.203418
22.420651 114.203429
22.420836 114.203440
22.420898 114.203439
22.420913 114.203446
22.420945 114.203448
22.420962 114.203447
22.421019 114.203456
22.421032 114.203461
22.421081 114.203472

22.418013 114.209886
22.418024 114.209858
22.418031 114.209836
22.418043 114.209798
22.418134 114.209559
22.418154 114.209459
22.418157 114.209444
22.418168 114.209389
22.418183 114.209353
22.418196 114.209332
22.418209 114.209298
22.418222 114.209265
22.418240 114.209220
22.418247 114.209202
22.418258 114.209174
22.418269 114.209149
22.418385 114.208952
22.418383 114.208887
22.418386 114.208859
22.418426 114.208821
22.418463 114.208782
22.418473 114.208763
22.418588 114.208592
22.418591 114.208454
22.418587 114.208434
22.418583 114.208400
22.418579 114.208377
22.418566 114.208316
22.418558 114.208288
22.418549 114.208248
22.418559 114.208031
22.418515 114.207920
22.418528 114.207807
22.418513 114.207771
22.418519 114.207584
22.418521 114.207433
22.418519 114.207395
22.418519 114.207365
22.418520 114.207337
22.418520 114.207302
22.418519 114.207258
22.418519 114.207222
22.418520 114.207178
22.418529 114.206980
22.418546 114.206843
22.418550 114.206807
22.418558 114.206717
22.418561 114.206696
22.418565 114.206671
22.418569 114.206639
22.418569 114.206587
22.418570 114.206567
22.418577 114.206508
22.418598 114.206324
22.418626 114.206177
22.418639 114.206120
22.418642 114.206098
22.418655 114.206051
22.418669 114.206012
22.418674 114.205993
22.418680 114.205966
22.418687 114.205946
22.418837 114.205668
22.419113 114.205565
22.419141 114.205564
22.419159 114.205566
22.419210 114.205524
22.419459 114.205538
22.419477 114.205612
22.419477 114.205651
22.419501 114.205695
22.419539 114.205798

22.418013 114.209886
22.418024 114.209858
22.418031 114.209836
22.418043 114.209798
22.418134 114.209559
22.418154 114.209459
22.418157 114.209444
22.418168 114.209389
22.418183 114.209353
22.418196 114.209332
22.418209 114.209298
22.418222 114.209265
22.418240 114.209220
22.418247 114.209202
22.418258 114.209174
22.418269 114.209149
22.418385 114.208952
22.418383 114.208887
22.418386 114.208859
22.418426 114.208821
22.418463 114.208782
22.418473 114.208763
22.418588 114.208592
22.418591 114.208454
22.418587 114.208434
22.418583 114.208400
22.418579 114.208377
22.418566 114.208316
22.418558 114.208288
22.418549 114.208248
22.418559 114.208031
22.418515 114.207920
22.418528 114.207807
22.418513 114.207771
22.418519 114.207584
22.418521 114.207433
22.418519 114.207395
22.418519 114.207365
22.418520 114.207337
22.418520 114.207302
22.418519 114.207258
22.418519 114.207222
22.418520 114.207178
22.418529 114.206980
22.418546 114.206843
22.418550 114.206807
22.418558 114.206717
22.418561 114.206696
22.418565 114.206671
22.418569 114.206639
22.418569 114.206587
22.418570 114.206567
22.418577 114.206508
22.418598 114.206324
22.418626 114.206177
22.418639 114.206120
22.418642 114.206098
22.418655 114.206051
22.418669 114.206012
22.418674 114.205993
22.418680 114.205966
22.418687 114.205946
22.418837 114.205668
22.418762 114.205657
22.418766 114.205633
22.418769 114.205619
22.418776 114.205596
22.418788 114.205547
22.418825 114.205487
22.418827 114.205313

22.419539 114.205798
22.419501 114.205695
22.419477 114.205651
22.419477 114.205612
22.419459 114.205538
22.419210 114.205524
22.419159 114.205566
22.419141 114.205564
22.419113 114.205565
22.418837 114.205668
22.418762 114.205657
22.418766 114.205633
22.418769 114.205619
22.418776 114.205596
22.418788 114.205547
22.418825 114.205487
22.418827 114.205313

22.419868 114.207361
22.419870 114.207387
22.419873 114.207685
22.419875 114.207767
22.419875 114.207820
22.419873 114.207854
22.419872 114.207882
22.419871 114.207923
22.419871 114.207997
22.419871 114.208029
22.419870 114.208091
22.419870 114.208138
22.419870 114.208185
22.419869 114.208222
22.419872 114.208436
22.419894 114.208550
22.419796 114.208729
22.419761 114.208841
22.419719 114.208855
22.419714 114.208869
22.419704 114.208910
22.419699 114.208939
22.419689 114.209009
22.419685 114.209047
22.419686 114.209080
22.419641 114.209198
22.419483 114.209287
22.419467 114.209274
22.419418 114.209257
22.419374 114.209239
22.419354 114.209227
22.419343 114.209220
22.419308 114.209201
22.419284 114.209189
22.419263 114.209177
22.419241 114.209165
22.419205 114.209146
22.419159 114.209129
22.419134 114.209122
22.419121 114.209120
22.418984 114.209086
22.418898 114.209030
22.418869 114.208985
22.418854 114.208933
22.418851 114.208916
22.418847 114.208896
22.418840 114.208856
22.418816 114.208628
22.418811 114.208515
22.418811 114.208480
22.418807 114.208451
22.418804 114.208426
22.418798 114.208379
22.418796 114.208356
22.418773 114.208175
22.418707 114.208029
22.418559 114.208031
22.418515 114.207920
22.418528 114.207807
22.418513 114.207771
22.418519 114.207584
22.418521 114.207433
22.418519 114.207395
22.418519 114.207365
22.418520 114.207337
22.418520 114.207302
22.418519 114.207258
22.418519 114.207222
22.418520 114.207178
22.418529 114.206980
22.418546 114.206843
22.418550 114.206807
22.418558 114.206717
22.418561 114.206696
22.418565 114.206671
22.418569 114.206639
22.418569 114.206587
22.418570 114.206567
22.418577 114.206508
22.418598 114.206324
22.418626 114.206177
22.418639 114.206120
22.418642 114.206098
22.418655 114.206051
22.418669 114.206012
22.418674 114.205993
22.418680 114.205966
22.418687 114.205946
22.418837 114.205668
22.419113 114.205565
22.419141 114.205564
22.419159 114.205566
22.419210 114.205524
22.419459 114.205538
22.419477 114.205612
22.419477 114.205651
22.419501 114.205695
22.419539 114.205798

22.419868 114.207361
22.419870 114.207387
22.419873 114.207685
22.419875 114.207767
22.419875 114.207820
22.419873 114.207854
22.419872 114.207882
22.419871 114.207923
22.419871 114.207997
22.419871 114.208029
22.419870 114.208091
22.419870 114.208138
22.419870 114.208185
22.419869 114.208222
22.419872 114.208436
22.419894 114.208550
22.419796 114.208729
22.419761 114.208841
22.419719 114.208855
22.419714 114.208869
22.419704 114.208910
22.419699 114.208939
22.419689 114.209009
22.419685 114.209047
22.419686 114.209080
22.419641 114.209198
22.419483 114.209287
22.419467 114.209274
22.419418 114.209257
22.419374 114.209239
22.419354 114.209227
22.419343 114.209220
22.419308 114.209201
22.419284 114.209189
22.419263 114.209177
22.419241 114.209165
22.419205 114.209146
22.419159 114.209129
22.419134 114.209122
22.419121 114.209120
22.418984 114.209086
22.418898 114.209030
22.418869 114.208985
22.418854 114.208933
22.418851 114.208916
22.418847 114.208896
22.418840 114.208856
22.418816 114.208628
22.418811 114.208515
22.418811 114.208480
22.418807 114.208451
22.418804 114.208426
22.418798 114.208379
22.418796 114.208356
22.418773 114.208175
22.418707 114.208029
22.418559 114.208031
22.418515 114.207920
22.418528 114.207807
22.418513 114.207771
22.418519 114.207584
22.418521 114.207433
22.418519 114.207395
22.418519 114.207365
22.418520 114.207337
22.418520 114.207302
22.418519 114.207258
22.418519 114.207222
22.418520 114.207178
22.418529 114.206980
22.418546 114.206843
22.418550 114.206807
22.418558 114.206717
22.418561 114.206696
22.418565 114.206671
22.418569 114.206639
22.418569 114.206587
22.418570 114.206567
22.418577 114.206508
22.418598 114.206324
22.418626 114.206177
22.418639 114.206120
22.418642 114.206098
22.418655 114.206051
22.418669 114.206012
22.418674 114.205993
22.418680 114.205966
22.418687 114.205946
22.418837 114.205668
22.418762 114.205657
22.418766 114.205633
22.418769 114.205619
22.418776 114.205596
22.418788 114.205547
22.418825 114.205487
22.418827 114.205313

22.420343 114.205326
22.420361 114.205334
22.420378 114.205342

22.421459 114.206038
22.421253 114.206023
22.421047 114.206008

