22.422471 114.201172
22.422489 114.201221
22.422529 114.201325

22.421082 114.203477
22.421033 114.203466
22.421019 114.203461
22.420990 114.203456
22.420968 114.203457
22.420946 114.203449
22.420918 114.203446
22.420897 114.203438
22.420790 114.203445
22.420611 114.203446
22.420561 114.203457
22.420505 114.203471
22.420449 114.203411
22.420396 114.203202
22.420306 114.203137
22.420121 114.203099
22.420103 114.203101
22.420031 114.203144
22.419909 114.203297
22.419892 114.203348
22.419867 114.203411
22.419884 114.203684
22.419890 114.203761
22.419890 114.203802
22.419889 114.203831
22.419888 114.203876
22.419888 114.203925
22.419887 114.203951
22.419885 114.203987
22.419868 114.204029
22.419861 114.204054
22.419860 114.204078
22.419834 114.204125
22.419824 114.204234
22.419653 114.204347
22.419618 114.204347
22.419593 114.204348
22.419511 114.204353
22.419477 114.204354
22.419458 114.204355
22.419396 114.204356
22.419342 114.204357
22.419328 114.204358
22.419313 114.204358
22.419244 114.204361
22.419166 114.204361
22.419068 114.204350
22.418879 114.204345
22.418823 114.204493
22.418812 114.204668
22.418812 114.204685
22.418811 114.204709
22.418812 114.204725
22.418809 114.204769
22.418804 114.204792
22.418793 114.204821
22.418807 114.204906
22.418835 114.205122
22.418839 114.205138
22.418842 114.205176
22.418820 114.205301

22.418820 114.205301
22.418786 114.205547
22.418773 114.205596
22.418768 114.205619
22.418841 114.205673
22.418673 114.205992
22.418668 114.206012
22.418654 114.206050
22.418639 114.206097
22.418635 114.206119
22.418623 114.206176
22.418598 114.206323
22.418577 114.206508
22.418570 114.206567
22.418569 114.206587
22.418569 114.206639
22.418565 114.206671
22.418561 114.206696
22.418558 114.206717
22.418549 114.206807
22.418546 114.206843
22.418529 114.206980
22.418521 114.207180
22.418518 114.207222
22.418519 114.207258
22.418520 114.207302
22.418519 114.207337
22.418519 114.207366
22.418519 114.207395
22.418519 114.207432
22.418522 114.207478
22.418519 114.207595
22.418527 114.207807
22.418535 114.207821
22.418516 114.207920
22.418629 114.208076
22.418557 114.208247
22.418574 114.208313
22.418578 114.208337
22.418585 114.208378
22.418588 114.208403
22.418593 114.208436
22.418598 114.208454
22.418644 114.208525
22.418481 114.208758
22.418463 114.208782
22.418425 114.208821
22.418384 114.208857
22.418377 114.208960
22.418274 114.209154
22.418264 114.209179
22.418246 114.209226
22.418228 114.209270
22.418201 114.209336
22.418189 114.209358
22.418178 114.209391
22.418151 114.209457
22.418118 114.209573
22.418045 114.209775
22.418039 114.209798
22.418029 114.209837
22.418024 114.209857
22.418014 114.209886

22.418820 114.205301
22.418786 114.205547
22.418773 114.205596
22.418768 114.205619
22.418841 114.205673
22.418673 114.205992
22.418668 114.206012
22.418654 114.206050
22.418639 114.206097
22.418635 114.206119
22.418623 114.206176
22.418598 114.206323
22.418577 114.206508
22.418570 114.206567
22.418569 114.206587
22.418569 114.206639
22.418565 114.206671
22.418561 114.206696
22.418558 114.206717
22.418549 114.206807
22.418546 114.206843
22.418529 114.206980
22.418521 114.207180
22.418518 114.207222
22.418519 114.207258
22.418520 114.207302
22.418519 114.207337
22.418519 114.207366
22.418519 114.207395
22.418519 114.207432
22.418522 114.207478
22.418519 114.207595
22.418527 114.207807
22.418535 114.207821
22.418516 114.207920
22.418629 114.208076
22.418557 114.208247
22.418574 114.208313
22.418578 114.208337
22.418585 114.208378
22.418588 114.208403
22.418593 114.208436
22.418598 114.208454
22.418644 114.208525
22.418820 114.208512
22.418819 114.208530
22.418816 114.208565
22.418823 114.208595
22.418828 114.208625
22.418838 114.208698
22.418841 114.208747
22.418846 114.208810
22.418876 114.208931
22.419005 114.209061
22.419096 114.209101
22.419253 114.209155
22.419289 114.209175
22.419311 114.209187
22.419347 114.209204
22.419360 114.209211
22.419469 114.209254
22.419611 114.209263
22.419623 114.209253
22.419643 114.209236
22.419669 114.209107
22.419691 114.208902
22.419691 114.208871
22.419700 114.208831
22.419725 114.208779
22.419745 114.208749
22.419755 114.208736
22.419852 114.208570
22.419873 114.208374
22.419869 114.208276
22.419867 114.208202
22.419866 114.208136
22.419866 114.208113
22.419865 114.208089
22.419865 114.207995
22.419871 114.207805
22.419876 114.207611
22.419874 114.207561
22.419874 114.207524
22.419873 114.207493
22.419872 114.207472
22.419871 114.207421
22.419871 114.207407
22.419872 114.207316
22.419867 114.207289

22.420347 114.205385
22.420351 114.205161
22.420349 114.204996
22.420343 114.204963
22.420340 114.204931
22.420337 114.204905
22.420331 114.204861
22.420326 114.204836
22.420314 114.204785
22.420305 114.204740
22.420294 114.204682
22.420290 114.204659
22.420289 114.204644
22.420286 114.204613
22.420264 114.204395
22.420227 114.204295
22.420228 114.204267
22.420223 114.204212
22.420216 114.204162
22.420204 114.203934
22.420211 114.203818
22.420217 114.203802
22.420251 114.203753
22.420266 114.203730
22.420449 114.203411
22.420505 114.203471
22.420561 114.203457
22.420611 114.203446
22.420790 114.203445
22.420897 114.203438
22.420918 114.203446
22.420946 114.203449
22.420968 114.203457
22.420990 114.203456
22.421019 114.203461
22.421033 114.203466
22.421082 114.203477

22.421082 114.203477
22.421145 114.203477
22.421178 114.203481
22.421213 114.203484
22.421227 114.203484
22.421256 114.203483
22.421293 114.203484

22.421293 114.203484
22.421432 114.203484
22.421699 114.203150
22.421759 114.203036
22.421764 114.203010
22.421768 114.202989
22.421776 114.202960
22.421788 114.202917
22.421797 114.202889
22.421844 114.202713
22.421886 114.202580
22.421893 114.202521
22.421896 114.202507
22.421908 114.202480
22.421927 114.202399
22.421972 114.202152
22.421999 114.202074
22.422005 114.202041
22.422009 114.202019
22.422018 114.201991
22.422026 114.201950
22.422029 114.201932
22.422040 114.201878
22.422045 114.201812
22.422038 114.201782
22.422053 114.201757
22.422147 114.201414

22.422147 114.201414
22.422129 114.201149
22.422124 114.201117
22.422125 114.201101
22.422154 114.201107
22.422182 114.201108
22.422191 114.201097
22.422249 114.201108
22.422529 114.201325

22.417855 114.210526
22.417854 114.210500
22.417861 114.210466
22.417863 114.210444
22.417875 114.210413
22.417887 114.210374
22.417922 114.210298
22.417951 114.210239

22.417951 114.210239
22.417974 114.210093
22.418014 114.209886

22.418014 114.209886
22.418024 114.209857
22.418029 114.209837
22.418039 114.209798
22.418045 114.209775
22.418118 114.209573
22.418151 114.209457
22.418178 114.209391
22.418189 114.209358
22.418201 114.209336
22.418228 114.209270
22.418246 114.209226
22.418264 114.209179
22.418274 114.209154
22.418377 114.208960
22.418384 114.208857
22.418425 114.208821
22.418463 114.208782
22.418481 114.208758
22.418644 114.208525
22.418820 114.208512
22.418819 114.208530
22.418816 114.208565
22.418823 114.208595
22.418828 114.208625
22.418838 114.208698
22.418841 114.208747
22.418846 114.208810
22.418876 114.208931
22.419005 114.209061
22.419096 114.209101
22.419253 114.209155
22.419289 114.209175
22.419311 114.209187
22.419347 114.209204
22.419360 114.209211
22.419469 114.209254
22.419611 114.209263
22.419623 114.209253
22.419643 114.209236
22.419669 114.209107
22.419691 114.208902
22.419691 114.208871
22.419700 114.208831
22.419725 114.208779
22.419745 114.208749
22.419755 114.208736
22.419852 114.208570
22.419873 114.208374
22.419869 114.208276
22.419867 114.208202
22.419866 114.208136
22.419866 114.208113
22.419865 114.208089
22.419865 114.207995
22.419871 114.207805
22.419876 114.207611
22.419874 114.207561
22.419874 114.207524
22.419873 114.207493
22.419872 114.207472
22.419871 114.207421
22.419871 114.207407
22.419872 114.207316
22.419867 114.207289

22.426448 114.205691
22.426573 114.205771
22.426613 114.205796
22.426626 114.205808
22.426653 114.205828
22.426670 114.205842
22.426686 114.205851
22.426700 114.205858
22.426732 114.205864
22.426753 114.205860
22.426780 114.205841
22.426822 114.205804
22.426909 114.205674
22.427031 114.205471
22.427047 114.205445
22.427074 114.205406
22.427091 114.205380
22.427117 114.205341
22.427145 114.205298
22.427156 114.205280
22.427175 114.205249
22.427199 114.205212
22.427215 114.205186
22.427228 114.205166
22.427264 114.205122
22.427294 114.205077
22.427320 114.205029
22.427380 114.204921
22.427480 114.204757
22.427491 114.204737
22.427497 114.204722
22.427519 114.204667
22.427556 114.204610
22.427569 114.204603
22.427594 114.204476

22.420347 114.205385
22.420345 114.205412
22.420342 114.205446
22.420338 114.205495
22.420332 114.205559
22.420382 114.205673
22.420466 114.205838
22.420491 114.205866
22.420520 114.205898
22.420546 114.205926
22.420564 114.205947
22.420585 114.205974
22.420653 114.206108
22.420723 114.206292
22.420756 114.206375
22.420767 114.206406
22.420771 114.206431
22.420826 114.206542
22.420902 114.206728
22.420911 114.206748
22.420917 114.206780
22.420921 114.206801
22.420928 114.206840
22.420937 114.206867
22.420941 114.206881
22.420988 114.206928
22.421090 114.207140
22.421100 114.207157
22.421112 114.207175
22.421130 114.207212
22.421141 114.207266
22.421131 114.207342
22.421127 114.207391
22.421198 114.207395
22.421317 114.207285

22.414002 114.209730
22.414019 114.209727
22.414170 114.209852
22.414204 114.209948
22.414432 114.210114

22.419489 114.205266
22.419448 114.205422
22.419485 114.205600
22.419485 114.205653
22.419528 114.205688
22.419529 114.205730

22.419529 114.205730
22.419513 114.205797
22.419507 114.205814
22.419503 114.205856
22.419518 114.205895
22.419509 114.206049
22.419500 114.206234

22.419500 114.206234
22.419494 114.206415
22.419498 114.206614

22.419498 114.206614
22.419521 114.206668
22.419530 114.206696
22.419536 114.206840
22.419843 114.207095

22.419843 114.207095
22.419867 114.207289

22.414432 114.210114
22.414565 114.210211
22.414720 114.210283
22.414805 114.210408
22.414824 114.210426
22.414838 114.210432
22.414872 114.210436
22.414891 114.210436
22.414913 114.210440
22.414937 114.210443
22.415078 114.210439
22.415217 114.210510
22.415230 114.210518
22.415247 114.210528
22.415280 114.210550
22.415296 114.210562
22.415312 114.210575
22.415326 114.210585
22.415348 114.210601
22.415369 114.210616
22.415386 114.210627
22.415510 114.210736
22.415619 114.210828
22.415634 114.210842
22.415650 114.210862
22.415672 114.210886
22.415694 114.210906
22.415719 114.210932
22.415727 114.210941
22.415741 114.210956
22.415755 114.210970
22.415770 114.210985
22.415784 114.211007
22.415843 114.211047
22.415853 114.211055
22.415878 114.211067
22.416018 114.211262
22.416085 114.211307
22.416125 114.211360
22.416141 114.211378
22.416156 114.211393
22.416175 114.211411
22.416198 114.211432
22.416215 114.211447
22.416225 114.211455
22.416239 114.211469
22.416250 114.211479
22.416381 114.211606
22.416472 114.211718
22.416511 114.211765
22.416533 114.211792
22.416544 114.211803
22.416673 114.211938
22.416774 114.212029
22.416781 114.212041
22.416806 114.212072
22.416831 114.212102
22.416854 114.212126
22.416880 114.212153
22.416897 114.212173
22.416948 114.212229
22.416963 114.212245
22.417089 114.212347
22.417200 114.212375
22.417229 114.212388
22.417263 114.212398
22.417320 114.212394
22.417337 114.212392
22.417355 114.212392
22.417370 114.212391
22.417400 114.212391
22.417627 114.212444
22.417648 114.212344
22.417631 114.212320
22.417607 114.212299
22.417604 114.212267
22.417611 114.212243
22.417621 114.212202
22.417625 114.212171
22.417629 114.211996
22.417628 114.211843
22.417633 114.211808
22.417637 114.211790
22.417637 114.211760
22.417634 114.211703
22.417627 114.211668
22.417628 114.211624
22.417629 114.211598
22.417631 114.211578
22.417649 114.211386
22.417693 114.211165
22.417711 114.211121
22.417715 114.211107
22.417723 114.211064
22.417730 114.211032
22.417738 114.211015
22.417748 114.210982
22.417759 114.210920
22.417802 114.210665
22.417855 114.210526

22.420347 114.205385
22.420351 114.205161
22.420349 114.204996
22.420343 114.204963
22.420340 114.204931
22.420337 114.204905
22.420331 114.204861
22.420326 114.204836
22.420314 114.204785
22.420305 114.204740
22.420294 114.204682
22.420290 114.204659
22.420289 114.204644
22.420286 114.204613
22.420264 114.204395
22.420227 114.204295
22.420228 114.204267
22.420223 114.204212
22.420216 114.204162
22.420204 114.203934
22.420211 114.203818
22.420217 114.203802
22.420251 114.203753
22.420266 114.203730
22.420449 114.203411
22.420396 114.203202
22.420306 114.203137
22.420121 114.203099
22.420103 114.203101
22.420031 114.203144
22.419909 114.203297
22.419892 114.203348
22.419867 114.203411
22.419884 114.203684
22.419890 114.203761
22.419890 114.203802
22.419889 114.203831
22.419888 114.203876
22.419888 114.203925
22.419887 114.203951
22.419885 114.203987
22.419868 114.204029
22.419861 114.204054
22.419860 114.204078
22.419834 114.204125
22.419824 114.204234
22.419653 114.204347
22.419618 114.204347
22.419593 114.204348
22.419511 114.204353
22.419477 114.204354
22.419458 114.204355
22.419396 114.204356
22.419342 114.204357
22.419328 114.204358
22.419313 114.204358
22.419244 114.204361
22.419166 114.204361
22.419068 114.204350
22.418879 114.204345
22.418823 114.204493
22.418812 114.204668
22.418812 114.204685
22.418811 114.204709
22.418812 114.204725
22.418809 114.204769
22.418804 114.204792
22.418793 114.204821
22.418807 114.204906
22.418835 114.205122
22.418839 114.205138
22.418842 114.205176
22.418820 114.205301

22.422595 114.201013
22.422524 114.201087
22.422453 114.201162

22.419876 114.207295
22.419876 114.207345
22.419876 114.207395

